0.054475250300925	0.10839151081697078	0.161195527754885	0.21234546044563302	0.26131644136288973	0.3076059619741189	0.3507390291581196	0.39027303927721835	0.4258023198895299	0.45696229249717346	0.48343321361501457	0.5049434557715047	0.5212722947741099	0.5322521746382137	0.537770426938259	0.537770426938259	0.5322521746382137	0.5212722947741099	0.5049434557715048	0.48343321361501457	0.45696229249717346	0.42580231988953005	0.39027303927721846	0.3507390291581196	0.3076059619741189	0.26131644136288973	0.21234546044563304	0.16119552775488505	0.10839151081697083	0.0544752503009253
0.05477177681998094	0.10898152109173263	0.16207296748152228	0.21350132590518472	0.262738871811605	0.30928036135073794	0.352648215859214	0.39239742246369247	0.4281201005151407	0.4594496869962439	0.48606469795400165	0.5076920273601231	0.5241097495484488	0.5351493964725985	0.5406976864161016	0.5406976864161016	0.5351493964725985	0.5241097495484488	0.5076920273601232	0.48606469795400165	0.4594496869962439	0.4281201005151409	0.3923974224636926	0.352648215859214	0.30928036135073794	0.262738871811605	0.21350132590518475	0.16207296748152233	0.1089815210917327	0.05477177681998124
0.05565787987482959	0.11074463458499818	0.16469499948289004	0.2169553708181445	0.26698948646128023	0.3142839286788223	0.35835339249401293	0.3987456655725955	0.4350462685333049	0.46688270806720017	0.4939282992230773	0.5159055176371448	0.5325888473085459	0.5438070946987003	0.5494451454086703	0.5494451454086703	0.5438070946987003	0.5325888473085459	0.5159055176371449	0.4939282992230773	0.46688270806720017	0.4350462685333051	0.3987456655725956	0.35835339249401293	0.3142839286788223	0.26698948646128023	0.21695537081814453	0.1646949994828901	0.11074463458499825	0.055657879874829896
0.05712317071732462	0.11366018040308892	0.169030882831119	0.22266709966597123	0.274018450741522	0.32255800170625537	0.36778767108276617	0.4092433412577295	0.44649962095666534	0.47917421033406116	0.5069318238871208	0.5294876309387373	0.5466101783856774	0.5581237657206266	0.5639102479571553	0.5639102479571553	0.5581237657206266	0.5466101783856774	0.5294876309387374	0.5069318238871208	0.47917421033406116	0.4464996209566655	0.4092433412577296	0.36778767108276617	0.32255800170625537	0.274018450741522	0.22266709966597126	0.16903088283111908	0.11366018040308898	0.05712317071732493
0.059150470152065954	0.11769397643699668	0.17502978325828714	0.23056954765020768	0.28374335647278776	0.33400557449184765	0.38084044333486367	0.4237673738698027	0.46234587769995805	0.4961800871709757	0.5249228175086823	0.5482791294046843	0.5660093554927889	0.5779315596605027	0.5839234039597451	0.5839234039597451	0.5779315596605027	0.5660093554927889	0.5482791294046843	0.5249228175086823	0.4961800871709757	0.4623458776999583	0.42376737386980284	0.38084044333486367	0.33400557449184765	0.28374335647278776	0.2305695476502077	0.1750297832582872	0.11769397643699675	0.05915047015206627
0.06171600994675881	0.12279873011635882	0.18262136914173285	0.24057006579351575	0.2960501880269446	0.3484924347113037	0.39735867742991315	0.44214748240588836	0.4823992558912388	0.5177009602206526	0.5476903521368712	0.5720596998967034	0.5905589410151363	0.6029982482448223	0.6092499774605123	0.6092499774605123	0.6029982482448223	0.5905589410151363	0.5720596998967034	0.5476903521368712	0.5177009602206526	0.482399255891239	0.44214748240588847	0.39735867742991315	0.3484924347113037	0.2960501880269446	0.24057006579351578	0.18262136914173294	0.12279873011635888	0.061716009946759146
0.06478971149300582	0.1289145928716056	0.19171663607802591	0.25255140716422614	0.3107946590562634	0.3658487371740129	0.4171487121759156	0.4641681768984942	0.5064246480061931	0.543484516923306	0.5749674992447277	0.6005505369685584	0.6199711135083704	0.6330299474686261	0.6395930375414676	0.6395930375414676	0.6330299474686261	0.6199711135083704	0.6005505369685585	0.5749674992447277	0.543484516923306	0.5064246480061934	0.4641681768984943	0.4171487121759156	0.3658487371740129	0.3107946590562634	0.25255140716422614	0.191716636078026	0.12891459287160564	0.06478971149300618
0.06833553845048936	0.13596986180371834	0.20220895037822018	0.26637310148941207	0.32780390411892385	0.3858709951026188	0.4399785275096755	0.4895712848384075	0.5341403782888989	0.5732284686507282	0.6064344592221453	0.6334176116050029	0.6539010421418137	0.6676745631167595	0.6745968395660858	0.6745968395660858	0.6676745631167595	0.6539010421418137	0.633417611605003	0.6064344592221453	0.5732284686507282	0.5341403782888992	0.4895712848384076	0.4399785275096755	0.3858709951026188	0.32780390411892385	0.2663731014894121	0.20220895037822026	0.13596986180371842	0.06833553845048973
0.07231191924011339	0.14388182033516192	0.21397529925036016	0.2818731020404063	0.3468785053682671	0.4083244658294332	0.46558046471990333	0.5180589780113155	0.5652215051425249	0.6065840947640692	0.6417223107339045	0.670275587406577	0.6919509295246681	0.706525918746622	0.7138509959599098	0.7138509959599098	0.706525918746622	0.6919509295246681	0.670275587406577	0.6417223107339045	0.6065840947640692	0.5652215051425251	0.5180589780113156	0.46558046471990333	0.4083244658294332	0.3468785053682671	0.28187310204040633	0.21397529925036024	0.143881820335162	0.07231191924011378
0.07667223443275926	0.15255770798612794	0.22687773301199562	0.2988696854825343	0.3677948305447192	0.4329459029395887	0.49365436450088424	0.5492972642613126	0.5993036307724581	0.6431603310444903	0.6804173359850207	0.7106923383065764	0.7336746755167144	0.7491285177355872	0.7568952876296395	0.7568952876296395	0.7491285177355872	0.7336746755167144	0.7106923383065765	0.6804173359850207	0.6431603310444903	0.5993036307724583	0.5492972642613129	0.49365436450088424	0.4329459029395887	0.3677948305447192	0.2988696854825343	0.2268777330119957	0.15255770798612803	0.0766722344327597
0.0813653633194674	0.16189580790634847	0.2407649824240789	0.3171635824150613	0.3903076548595644	0.459446642594563	0.5238710860458972	0.5829199032435549	0.6359871734172717	0.6825283545635752	0.7220658711836233	0.7541940148540862	0.7785831073445799	0.7949828835624368	0.8032250596112186	0.8032250596112186	0.7949828835624368	0.7785831073445799	0.7541940148540862	0.7220658711836233	0.6825283545635752	0.635987173417272	0.5829199032435551	0.5238710860458972	0.459446642594563	0.3903076548595644	0.3171635824150614	0.24076498242407898	0.16189580790634858	0.08136536331946784
0.08633628325500978	0.17178663941216515	0.25547423218448667	0.3365403136227232	0.41415303603138304	0.48751598785175915	0.555876365922239	0.6185327002574477	0.6748420520795386	0.7242266112400898	0.7661796253341278	0.800270599665549	0.8261497147052542	0.8435514157128978	0.8522971376878776	0.8522971376878776	0.8435514157128978	0.8261497147052542	0.8002705996655491	0.7661796253341278	0.7242266112400898	0.674842052079539	0.6185327002574479	0.555876365922239	0.48751598785175915	0.41415303603138304	0.33654031362272324	0.2554742321844868	0.17178663941216527	0.08633628325501025
0.09152671474809759	0.1821142415474457	0.2708330297885733	0.35677270464842414	0.4390514087679751	0.5168248513020833	0.5892949714860658	0.6557181278190936	0.7154127288322978	0.7677662271395814	0.812241405002709	0.8483818869122736	0.8758168226179966	0.8942646925541381	0.9035361966111962	0.9035361966111962	0.8942646925541381	0.8758168226179966	0.8483818869122737	0.812241405002709	0.7677662271395814	0.7154127288322981	0.6557181278190938	0.5892949714860658	0.5168248513020833	0.4390514087679751	0.3567727046484242	0.27083302978857343	0.1821142415474458	0.0915267147480981
0.09687580473513122	0.1927575326197707	0.28666130737711365	0.3776235492060396	0.4647108624138036	0.5470296133189302	0.6237351001420646	0.6940402207892933	0.7572235495847468	0.8126367400742792	0.8597111779374402	0.8979638157398616	0.9270021296536007	0.9465281472827856	0.9563415052636172	0.9563415052636172	0.9465281472827856	0.9270021296536007	0.8979638157398616	0.8597111779374402	0.8126367400742792	0.7572235495847471	0.6940402207892935	0.6237351001420646	0.5470296133189302	0.4647108624138036	0.3776235492060396	0.28666130737711376	0.1927575326197708	0.09687580473513174
0.10232084002673224	0.2035917297725709	0.3027734928673141	0.3988483902072402	0.49083056333553327	0.5777761506841292	0.6587929728706533	0.7330496876661947	0.799784320691561	0.858312084305525	0.9080324044526887	0.9484350833659994	0.9791055348862461	0.9997290386770791	1.0100939696815447	1.0100939696815447	0.9997290386770791	0.9791055348862461	0.9484350833659995	0.9080324044526887	0.858312084305525	0.7997843206915614	0.7330496876661949	0.6587929728706533	0.5777761506841292	0.49083056333553327	0.3988483902072403	0.3027734928673142	0.203591729772571	0.1023208400267328
0.10779798256254992	0.21448981195003072	0.31898068561581383	0.42019838579734436	0.5171042819213272	0.6087039883589008	0.6940575681678082	0.7722891781173621	0.8425960560251973	0.9042567581835729	0.956638562348082	0.9992039603240905	1.031516173528178	1.0532436349274596	1.064163391366026	1.064163391366026	1.0532436349274596	1.031516173528178	0.9992039603240906	0.956638562348082	0.9042567581835729	0.8425960560251976	0.7722891781173623	0.6940575681678082	0.6087039883589008	0.5171042819213272	0.4201983857973444	0.31898068561581394	0.21448981195003083	0.10779798256255052
0.11324301785415096	0.22532400910283093	0.3350928711060143	0.441423226798545	0.543223982843057	0.6394505257240999	0.7291154408963969	0.8112986449942635	0.8851568271320115	0.9499321024148186	1.0049597888633304	1.0496752279502284	1.0836195787608234	1.1064445263217533	1.1179158557839537	1.1179158557839537	1.1064445263217533	1.0836195787608234	1.0496752279502284	1.0049597888633304	0.9499321024148186	0.8851568271320118	0.8112986449942637	0.7291154408963969	0.6394505257240999	0.543223982843057	0.4414232267985451	0.33509287110601443	0.22532400910283104	0.11324301785415157
0.11859210784118455	0.23596730017515588	0.3509211486945546	0.4622740713561604	0.5688834364888854	0.6696552877409466	0.7635555695523956	0.849620737964463	0.9269676478844604	0.9948026153495163	1.0524295617980615	1.0992571567778162	1.1348048857964272	1.1587079810504006	1.1707211644363746	1.1707211644363746	1.1587079810504006	1.1348048857964272	1.0992571567778164	1.0524295617980615	0.9948026153495163	0.9269676478844608	0.8496207379644634	0.7635555695523956	0.6696552877409466	0.5688834364888854	0.46227407135616044	0.3509211486945547	0.23596730017515602	0.11859210784118521
0.12378253933427241	0.2462949023104365	0.3662799462986413	0.48250646238186146	0.5937818092254776	0.698964151191271	0.7969741751162226	0.8868061655261091	0.9675383246372198	1.0383422312490083	1.098491341466643	1.147368444024541	1.1844719937091701	1.2094212578916412	1.2219602233596933	1.2219602233596933	1.2094212578916412	1.1844719937091701	1.147368444024541	1.098491341466643	1.0383422312490083	0.9675383246372202	0.8868061655261095	0.7969741751162226	0.698964151191271	0.5937818092254776	0.4825064623818615	0.36627994629864147	0.24629490231043663	0.12378253933427309
0.1287534592698148	0.25618573381625315	0.380989196059049	0.5018831935895233	0.6176271903972961	0.727033496448467	0.8289794549925643	0.9224189625400018	1.0063932032994864	1.0800404879255228	1.1426050956171474	1.1934450288360037	1.232038601069844	1.257989790042102	1.2710323014363523	1.2710323014363523	1.257989790042102	1.232038601069844	1.193445028836004	1.1426050956171474	1.0800404879255228	1.006393203299487	0.9224189625400021	0.8289794549925643	0.727033496448467	0.6176271903972961	0.5018831935895233	0.3809891960590492	0.25618573381625326	0.1287534592698155
0.1334465881565229	0.26552383373647365	0.3948764454711324	0.5201770905220504	0.6401400147121414	0.7535342361034414	0.8591961765375773	0.9560416015222442	1.0430767459443004	1.1194085114446075	1.18425363081575	1.2369467053835135	1.2769470328977097	1.3038441558689517	1.3173620734179314	1.3173620734179314	1.3038441558689517	1.2769470328977097	1.2369467053835137	1.18425363081575	1.1194085114446075	1.0430767459443009	0.9560416015222444	0.8591961765375773	0.7535342361034414	0.6401400147121414	0.5201770905220504	0.3948764454711325	0.2655238337364738	0.13344658815652363
0.13780690334916879	0.27419972138743964	0.40777887923276773	0.5371736739641783	0.6610563398885934	0.7781556732135968	0.887270076318558	0.9872798877722412	1.0771588715742333	1.1559847477250287	1.222948656066866	1.2773634562835128	1.3186707788897558	1.3464467548579167	1.360406365087661	1.360406365087661	1.3464467548579167	1.3186707788897558	1.277363456283513	1.222948656066866	1.1559847477250287	1.0771588715742337	0.9872798877722414	0.887270076318558	0.7781556732135968	0.6610563398885934	0.5371736739641784	0.4077788792327679	0.2741997213874398	0.13780690334916953
0.14178328413879285	0.2821116799188833	0.4195452281049078	0.5526736745151726	0.6801309411379367	0.8006091439404114	0.9128720135287861	1.0157675809451494	1.1082399984278595	1.1893403738383699	1.2582365075786257	1.3142214320850871	1.3567206662726106	1.3852981104877795	1.3996605214814852	1.3996605214814852	1.3852981104877795	1.3567206662726106	1.3142214320850873	1.2582365075786257	1.1893403738383699	1.10823999842786	1.0157675809451496	0.9128720135287861	0.8006091439404114	0.6801309411379367	0.5526736745151727	0.41954522810490796	0.2821116799188835	0.14178328413879362
0.14532911109627636	0.28916694885099603	0.430037542405102	0.5664953688403584	0.697140186200597	0.8206314018690171	0.9357018288625458	1.0411706888850625	1.135955728710565	1.2190843255657917	1.289703467556043	1.3470885067215315	1.3906505949060537	1.4199427261359125	1.4346643235061032	1.4346643235061032	1.4199427261359125	1.3906505949060537	1.3470885067215317	1.289703467556043	1.2190843255657917	1.1359557287105655	1.041170688885063	0.9357018288625458	0.8206314018690171	0.697140186200597	0.5664953688403586	0.43003754240510217	0.2891669488509962	0.14532911109627716
0.14840281264252336	0.2952828116062428	0.4391328093413951	0.5784767102110688	0.7118846572299159	0.8379877043317263	0.9554918636085483	1.0631913833776683	1.1599811208255195	1.2448678822684454	1.3169806146638994	1.3755793437933865	1.4200627673992876	1.4499744253597164	1.4650073835870585	1.4650073835870585	1.4499744253597164	1.4200627673992876	1.3755793437933868	1.3169806146638994	1.2448678822684454	1.15998112082552	1.0631913833776687	0.9554918636085483	0.8379877043317263	0.7118846572299159	0.578476710211069	0.43913280934139526	0.295282811606243	0.14840281264252417
0.1509683524372162	0.30038756528560495	0.4467243952248408	0.5884772283543769	0.7241914887840727	0.8524745645511824	0.9720100977035978	1.081571491913754	1.1800344990168001	1.2663887553181221	1.3397481492920884	1.3993599142854056	1.4446123529216353	1.475041113944036	1.4903339570878258	1.4903339570878258	1.475041113944036	1.4446123529216353	1.3993599142854058	1.3397481492920884	1.2663887553181221	1.1800344990168008	1.0815714919137542	0.9720100977035978	0.8524745645511824	0.7241914887840727	0.588477228354377	0.446724395224841	0.3003875652856051	0.15096835243721704
0.15299565187195754	0.3044213613195127	0.4527232956520089	0.5963796763386133	0.7339163945153385	0.8639221373367746	0.9850628699556953	1.0960955245258273	1.195880755760093	1.2833946321550367	1.3577391429136498	1.4181514127513526	1.4640115300287466	1.4948489078839122	1.5103471130904156	1.5103471130904156	1.4948489078839122	1.4640115300287466	1.4181514127513526	1.3577391429136498	1.2833946321550367	1.1958807557600935	1.0960955245258275	0.9850628699556953	0.8639221373367746	0.7339163945153385	0.5963796763386134	0.4527232956520091	0.30442136131951286	0.1529956518719584
0.15446094271445257	0.3073369071376034	0.45705917900023785	0.60209140518644	0.7409453587955802	0.8721962103642077	0.9944971485444484	1.106593200210961	1.2073341081834532	1.2956861344218975	1.3707426675776933	1.431733526052945	1.478032861105878	1.5091655789058385	1.5248122156389003	1.5248122156389003	1.5091655789058385	1.478032861105878	1.4317335260529451	1.3707426675776933	1.2956861344218975	1.2073341081834539	1.1065932002109615	0.9944971485444484	0.8721962103642077	0.7409453587955802	0.6020914051864401	0.457059179000238	0.3073369071376036	0.1544609427144534
0.15534704576930122	0.30910002063086894	0.45968121100160564	0.6055454500993999	0.7451959734452555	0.8771997776922921	1.0002023251792473	1.1129414433198643	1.2142602762016177	1.3031191554928538	1.378606268846769	1.4399470163299668	1.4865119588659752	1.5178232771319402	1.5335596746314692	1.5335596746314692	1.5178232771319402	1.4865119588659752	1.4399470163299668	1.378606268846769	1.3031191554928538	1.2142602762016181	1.1129414433198646	1.0002023251792473	0.8771997776922921	0.7451959734452555	0.6055454500994	0.4596812110016058	0.30910002063086917	0.15534704576930208
0.15564357228835718	0.30969003090563085	0.4605586507282429	0.6067013155589516	0.7466184038939707	0.8788741770689111	1.0021115118803419	1.1150658265063385	1.2165780568272284	1.3056065499919243	1.3812377531857563	1.4426955879185852	1.4893494136403143	1.520720498966325	1.5364869341093117	1.5364869341093117	1.520720498966325	1.4893494136403143	1.4426955879185852	1.3812377531857563	1.3056065499919243	1.2165780568272289	1.1150658265063387	1.0021115118803419	0.8788741770689111	0.7466184038939707	0.6067013155589517	0.4605586507282431	0.309690030905631	0.155643572288358
