0.0
0.0072456744920210234
0.030467595031921296
0.055373966895381085
0.06209682586507718
0.061793244839777196
0.062411220543979316
0.06311444873663016
0.062041639320456164
0.05833199886060921
0.05114622114972781
0.04018148121712507
0.026476802999425404
0.012181031939096768
0.0002257115753198577
-0.0065042527028027364
-0.006563180050363764
-0.0009420301899671249
0.006203900110401487
0.008298086890214872
0.0011668661775830328
-0.010636328921544527
-0.015430425496758543
-0.007533776614296509
0.004782263660974775
0.016339807016741103
0.07930865114087753
0.23230728059682798
0.14889558579789175
0.0
0.0
0.0
-0.00018106034954927863
-0.0007676040742690761
-0.0018358889466940113
-0.00316066267430837
-0.0045194314124467954
-0.005834740022840279
-0.007045243652068068
-0.008061482937637539
-0.008826866526455453
-0.009273320631715539
-0.009257481573486666
-0.008616356875406505
-0.007269655397780472
-0.0052930083224168945
-0.0029252625672280988
-0.0005018328731306555
0.0016266382807596748
0.0031920187446475828
0.004120939403031926
0.004497111725030682
0.004407816421367744
0.0040290223860433485
0.0037388145772551742
0.0036259215253921376
0.0028650376463445967
0.0008772381390742579
0.0
0.0
0.0
-0.003205434530304014
-0.009539124169160423
-0.015841382669461616
-0.021589339856032945
-0.021616332256477414
-0.017649697386761674
-0.014188539126199226
-0.012076347779412107
-0.010424071959485056
-0.009530904037512573
-0.009552805301996242
-0.01002397417198494
-0.010601934546769026
-0.01070465500336959
-0.009743184516573487
-0.007753592131557764
-0.004974695424760102
-0.001988247118309154
-0.0005426636329490522
-0.002574567267278302
-0.006786390840641655
-0.007041743997383099
-0.0005057050321393973
0.0015960880809226812
-0.017672830083101485
-0.06832182821195844
-0.0801813489960612
-0.02605114311577102
0.0
0.0
0.0
-3.2770404107636595e-5
-0.00018592942801550286
-0.00042672254451594203
-0.0006068999492935123
-0.0007262930921199405
-0.0008710314803621054
-0.0010491468650013244
-0.0012479745584494954
-0.0014994483380660786
-0.0018269155594911825
-0.002247524869071468
-0.0027858625222054946
-0.0034237167175523997
-0.00408806678030888
-0.004677391144382386
-0.0050748576012882105
-0.0051878822336604135
-0.0050063969121336305
-0.004591010187422169
-0.00402341696083949
-0.003430050075017002
-0.0029256461906941554
-0.0024369537210835374
-0.0018174053066934226
-0.0009798174672168976
-0.00021665123018015683
0.0
0.0
0.0
-0.0029944083933928765
-0.011611452305563577
-0.018788896978228893
-0.014393115728102437
-0.003147073808735206
0.0052461886435660205
0.008843239327770829
0.010863513410096833
0.012434743813573814
0.013020248749136628
0.012872333214363088
0.01188954946605352
0.00937898670986015
0.005270244212134267
-0.00012425786495311462
-0.00630956088763927
-0.011912698930048262
-0.014803189565060082
-0.012998284525015035
-0.007146273283110698
-0.002664788271868693
-0.003850361536138106
-0.007067791883330316
-0.009472263544630578
-0.01422565393753793
-0.013167442006919355
-0.005418019571561952
-0.0010892117595896168
0.0
0.0
0.0
6.254342718262089e-5
0.00030366974359804827
0.0006446425252208766
0.0008001500368237086
0.0006143747231168268
0.00020287615379127572
-0.0002441410545799655
-0.0006374870952767556
-0.0009364554477436854
-0.001121697249104756
-0.0012302531961086922
-0.0013000125591166388
-0.0013273291873291306
-0.0012978585022733091
-0.0012079196136707692
-0.0010615213852704839
-0.0008559687618233157
-0.0006057432664484256
-0.0003568372964049489
-0.00011076051097137307
0.00014030726278098526
0.0002947835520942056
0.0002942707346731052
0.000268630861429317
0.00022003996238389702
7.186861682389388e-5
0.0
0.0
0.0
0.002538177105411135
0.008735275320143293
0.011196217924240949
0.004531401848442338
-0.006147395704303044
-0.013094850394328516
-0.012543388626933551
-0.007509819639079845
-0.0023996974480852192
0.0017986142978672365
0.005425010692522452
0.008173737243372994
0.009976091897809212
0.011144788759164425
0.01164696577580491
0.01132693532599887
0.009983602592553643
0.007052052708601427
0.003463903668070311
0.0018052905430628206
0.0012746391461592398
-0.0012786344224417136
-0.0023831492028361986
0.005240308775786711
0.017430490550965162
0.01830170325194598
0.008693282597484905
0.0020461151063736094
0.0
0.0
0.0
-2.2617960860085623e-5
-9.20945748391938e-5
-0.00014542105333830186
-9.825396142528531e-5
7.390885496137017e-5
0.0002867250055587655
0.00038821965699603795
0.00032951672020126074
0.00017792186663932966
-4.539827334107885e-6
-0.00017938031788805036
-0.00032591947784944977
-0.0004656084728178625
-0.0006196618935771976
-0.0007876390900037784
-0.0009682513497962378
-0.0011261226023440265
-0.0012127851368483437
-0.0012195436063228416
-0.001117871506340582
-0.0008852320494982812
-0.0006226233439698954
-0.00044139958150965416
-0.00031748926910401035
-0.00017861623347797316
-4.791459751160454e-5
0.0
0.0
0.0
-0.00029053486435124255
-0.0005736454064071477
0.00031656616831885647
0.00043774395416810405
0.00032990124962042466
0.00148785628962674
0.00137125697554746
-0.0008722973041352527
-0.0026105315354613256
-0.0026698279229665635
-0.001952413388266416
-0.0009981231915571448
0.00010227144443787552
0.0010486252689420287
0.0014644136739428459
0.0015636077168328982
0.0015928752728465267
0.0005217615294668921
-0.0017906520904974604
-0.0025561331739976582
-0.00034723456814859005
0.0021029375089491277
0.0025000967109156096
0.0008658833040702037
-0.002457055968723414
-0.004000471091955554
-0.0017485588398451575
-0.00020829922532575106
0.0
0.0
0.0
-4.054997489574244e-6
-2.035961255143126e-5
-1.937908117514359e-5
4.813664560036598e-5
0.00010642995206690583
5.7853250854718023e-5
-4.660082755091512e-5
-0.00011228439951809123
-0.00013183957885763858
-0.0001245393217985058
-9.006011774303838e-5
-4.640335937083497e-5
-1.2970438150039194e-5
2.0546035262438907e-5
5.2470660832465074e-5
5.900602817970675e-5
3.958855156169946e-5
-5.658582167949789e-6
-9.661519526427762e-5
-0.00020976068430434813
-0.0002846080660530897
-0.0003041246148316728
-0.0002767496565523195
-0.00019010481598579884
-7.564481661502591e-5
-1.2991952721639491e-5
0.0
0.0
0.0
-0.0003329756946526893
-0.0010715743953029551
-0.00036743459454993
0.0024216881424222758
0.002383941526871153
-0.0018368576583081718
-0.0049300684941087115
-0.003378492122221793
6.584818598141382e-5
0.0021558362236161256
0.0028958171873268448
0.0030089997756069793
0.0027211974817192047
0.0022057570265002443
0.0014582792846678605
0.0008255328710848675
0.0007790515417175891
0.0005142604821943085
-0.0011972302939021538
-0.003845113531093193
-0.0058781372453287645
-0.0068831367404568085
-0.00776572536934938
-0.009338185975038223
-0.011175417323114414
-0.012006253739460734
-0.008804028399806265
-0.002626578528618963
0.0
0.0
0.0
-2.826306924560403e-7
-5.041973597482471e-6
-3.679783711172987e-5
-7.729955759192663e-5
-4.335388729515737e-5
8.504901428287946e-5
0.0001915152684927401
0.0001596236914331445
1.7844753878382836e-5
-0.00013407456032554465
-0.00023487153661207565
-0.0002668810859952357
-0.0002421126837581787
-0.0001883950310102732
-0.00012792804666185916
-6.97716041341542e-5
-1.3367550202614052e-5
3.932981298518457e-5
7.565803596558221e-5
9.085686210987253e-5
0.00010651307178844193
0.0001466353339113328
0.00019660204337911162
0.00020132039559493805
0.00013337436729964696
4.175132106205414e-5
0.0
0.0
0.0
-0.000111914610458963
-0.0004725629566263076
-0.0010075039436515147
-0.0006072805781521478
0.0008884132682650031
0.002038061955116918
0.0012872976478167874
-0.0015393452232315356
-0.0037489626233496824
-0.003140229404464173
-0.0008900224953974401
0.001129219808962558
0.0025245112628285295
0.0033589962173391306
0.0033765098039574264
0.002742806350607846
0.0023152144715073127
0.0023580111669622536
0.0019377247180824826
0.0004935677316286146
-0.0010399094494539696
-0.001467357267330131
-0.0007173735730321517
0.0002536066740162586
0.00041349730833402035
-0.0003744395964003019
-0.0010863363255515504
-0.00048370451731817013
0.0
0.0
0.0
2.1198489038766554e-6
8.584936517176508e-6
1.0648513849206895e-5
-2.8456466039010194e-7
-1.2773063636942637e-5
-2.2836150978396563e-5
-1.3629744654851391e-5
3.590045016359545e-5
8.45539582648246e-5
7.790622097231294e-5
2.5925909049051264e-5
-3.583033364467734e-5
-8.82737329300533e-5
-0.00011694010531744792
-0.00011780477867102043
-0.00010552430264106535
-8.843210523843412e-5
-6.317635075301931e-5
-4.384502943561552e-5
-5.3858913900248784e-5
-8.734932511282911e-5
-0.00011696881880385169
-0.00012294969410613316
-9.734059038722053e-5
-5.074622492691057e-5
-1.1446036068753661e-5
0.0
0.0
0.0
3.111343513469086e-5
5.585928674753708e-5
-0.00011960831673268694
-5.6289022976486446e-5
0.0005434487028206695
0.00041583483954480267
-0.00031438022504056096
-6.742125299266213e-5
0.0006076400593747564
0.0002489613441388572
-0.0005993145722733697
-0.0008689131096253958
-0.0005005348041313517
0.00013431502522374877
0.0005714995611190204
0.0006164111041518767
0.0007012006728795593
0.0011698181930312312
0.0015984395469392555
0.00141563512087366
0.0005041620319685207
-0.0008284904790675751
-0.0018099415210007113
-0.0019201783585779222
-0.0014163758039462042
-0.0005580082484160458
-2.3783013843087805e-6
3.542555157802484e-5
0.0
0.0
0.0
6.80583870819022e-7
3.562697592902475e-6
4.37350758902059e-6
-6.150845564204441e-6
-9.20673560862987e-6
2.0553465055256885e-5
5.1219086281704694e-5
3.142447314244937e-5
-2.1721347013561472e-5
-5.3773937189918466e-5
-4.869702738386867e-5
-2.1638027313967753e-5
1.1372786421506362e-5
3.7217974764166295e-5
4.8876225248569496e-5
4.9526095368459826e-5
4.90363105626042e-5
5.529479997939315e-5
6.408491813797318e-5
6.52682190737403e-5
5.174748719960852e-5
2.2069116544349853e-5
-6.179794130000958e-6
-1.0641362404278601e-5
-6.660508382762155e-7
1.618343009126843e-6
0.0
0.0
0.0
2.2818611017304482e-5
6.226092544269825e-5
-9.593369294054735e-5
-0.00038936909671381977
3.325689454572292e-5
0.0008877606500251882
0.0007333154009961415
-0.0006537616261846231
-0.0014455125879164654
-0.0004496894611979384
0.0010474353805468122
0.0015670181763931543
0.001268443617719198
0.0008413768975873037
0.0003628884653726205
-0.00036097810670657703
-0.0010478308732773441
-0.0011972434332665272
-0.0008224460318360565
-0.0003707088084736835
-0.00040586963584032375
-0.000977614359824346
-0.0013525326868393374
-0.001472852212340954
-0.002184327334871155
-0.003021223816518925
-0.0023297718153057097
-0.0006981073260287625
0.0
0.0
0.0
-2.9112893337725333e-8
7.289497180852e-7
3.6123451251170754e-6
1.3228610934810623e-6
-1.054770805950393e-5
-1.6441446654258004e-5
4.91007315047036e-6
4.5024824759118614e-5
5.633347285766258e-5
1.3286891012349713e-5
-4.942331177221604e-5
-8.619426684271658e-5
-8.353283519502922e-5
-4.9890214697944575e-5
-1.6953748714542518e-6
4.009613222083884e-5
6.708615109143234e-5
8.759526485593858e-5
0.00010761031370034616
0.00012452514393158963
0.0001263067958084386
0.00010625888966353727
7.868630642378321e-5
5.2865736672566653e-5
2.7166761381468436e-5
7.850939084706515e-6
0.0
0.0
0.0
6.325618921587945e-6
2.7294821032832866e-5
2.6457493330581163e-5
-0.00011921746752816784
-0.00013317754945403078
9.191393953680984e-5
0.00030485398283832153
0.00032878175895112324
-0.00014834189474563752
-0.0008771435199462537
-0.0009125522476076674
-8.094109261008461e-5
0.0008803464461622723
0.0014610567311620988
0.0015179876667360118
0.0010341143495299716
0.0002980647882471566
-0.00035567987111808833
-0.0006887255229863997
-0.0006349135575879559
-0.0006017314582990295
-0.0008431564550247985
-0.0012331588078403329
-0.0018216231143057247
-0.0024002125515276275
-0.0024417951134879687
-0.0017797426654343684
-0.0005724956984631409
0.0
0.0
0.0
2.6565228053123147e-8
3.262493159182622e-7
1.5690549652067041e-6
1.084517076684742e-6
-2.2406931669649382e-6
-2.439713330557564e-6
-1.564203939341321e-6
-3.315877260652672e-6
1.4168961204688002e-6
1.236247595878425e-5
1.2611479448979917e-5
-3.2189360738757576e-6
-2.3157612904132654e-5
-3.520127650102721e-5
-3.647365354497897e-5
-2.931679786231687e-5
-1.5071656469685549e-5
1.5509435252907018e-6
1.948212148241407e-5
4.1928630552509636e-5
6.036227813631069e-5
6.835126811388866e-5
7.04616932488661e-5
6.168646576369109e-5
3.5903463401275873e-5
1.017882925097874e-5
0.0
0.0
0.0
3.3561226691336537e-6
1.3090917808031442e-5
8.861975969424516e-6
-7.961240134992646e-5
-5.422590418799945e-5
0.00019529830047872575
0.0001772549917301853
-0.0002079134645325326
-0.000279423138177786
6.573819791977811e-5
0.00013657140934303686
-0.00022230522709841785
-0.00044252979966125143
-0.00018435229091737305
0.0002379708255171612
0.0004144456254025384
0.0002860948396846613
5.066680262660442e-5
2.707892402807907e-5
0.00020207110032996508
0.0003391352199640901
0.0003878934510076141
0.00019787194356544964
-0.0001665892962672598
-8.430881810750545e-5
0.00046729863678650986
0.00044347144055384267
9.785265626177181e-5
0.0
0.0
0.0
-5.069300060923766e-8
-4.351952325727742e-8
7.63789446789396e-7
8.540478803163054e-7
-2.702581750532599e-6
-3.977048074837809e-6
4.899132745735455e-6
1.3337787788721621e-5
2.8812973824807122e-6
-2.0121510838666607e-5
-3.0967679771857575e-5
-2.04556551378749e-5
8.426246371231588e-7
2.0741045065099984e-5
3.059616079359857e-5
2.7345766963505614e-5
1.4443748433189273e-5
-1.0487675088197084e-6
-9.176839716742387e-6
-8.239694830451991e-6
-4.779839938707114e-6
-3.0685692063735352e-6
-5.361334193406512e-6
-9.097525260976237e-6
-8.14953696193243e-6
-2.5905329969071272e-6
0.0
0.0
0.0
7.804242471564564e-7
5.128938450435834e-6
1.2455906107533216e-5
-3.68320943570405e-5
-8.625928368125178e-5
3.878766598271068e-5
0.00021747016743042642
0.00010425969652321437
-0.00029786673247781195
-0.00041773346183360895
1.697634842428686e-5
0.00045165973582707476
0.000415825322174404
9.44993242632461e-5
-0.00021047929940496893
-0.00042160633748617387
-0.0006149528567685627
-0.0007719539069026239
-0.000780668834367731
-0.0005842448387099
-0.00015552456648018636
0.0002990055129029217
0.0004842850351335286
0.000394783211169025
0.00025127901252219566
0.00033211663843104965
0.0003819053739831976
0.00013199601497428605
0.0
0.0
0.0
-1.960303892206243e-9
1.1931205736950843e-8
3.8881204100071187e-7
7.104823722474374e-7
-8.006670381032402e-7
-3.0972361788822927e-6
-2.1102960522956497e-6
5.0718893328107015e-6
1.2527830528369416e-5
6.85751486447029e-6
-1.3151671346812675e-5
-3.067236823098383e-5
-2.9950045769193438e-5
-1.14170580861012e-5
1.3243381824510042e-5
3.382466211606367e-5
4.3851897116995136e-5
4.176136147533776e-5
3.186065800188836e-5
2.2266578704575275e-5
1.844751542354063e-5
1.561386123788977e-5
8.474154815758899e-6
8.332761262021169e-7
-2.262937784204076e-6
-1.1991553628712428e-6
0.0
0.0
0.0
7.997466532044697e-7
3.6273900636800496e-6
9.016284952615404e-6
-9.553637198635386e-6
-2.9143603151860625e-5
2.1505268097065427e-5
5.17411190758381e-5
1.4645145187951579e-5
-2.122019840003732e-5
-9.304665487295194e-5
-0.00016993095581428912
-8.04583904235206e-5
0.0002064335025569182
0.00046961146745008346
0.0004833927182984042
0.0002161500881294199
-0.0002074503262689725
-0.0005930064802670365
-0.000815113628428487
-0.000837854664733804
-0.0007307830014283955
-0.0005209591534880452
-0.0001712184241751427
3.535689803484611e-5
-0.0002069129595110131
-0.0005777461265180851
-0.0004976300930626727
-0.0001480691654209281
0.0
0.0
0.0
-1.4412211191136134e-8
-2.991987347966276e-8
1.7187550882699677e-7
4.0191236960805827e-7
-3.5668269396470066e-7
-8.947277744984555e-7
2.729907595738456e-7
6.934922707666765e-7
-3.34048184106746e-7
4.558731909840602e-7
2.2943088699758083e-6
9.14601028178553e-7
-2.852416928863375e-6
-4.987464614151887e-6
-3.935285545310252e-6
-4.6139981894582776e-7
4.090472339860617e-6
8.562364275122579e-6
1.249602729616308e-5
1.6789288319110856e-5
2.043508647467598e-5
2.306254782578911e-5
2.5953410553307917e-5
2.3956417930548552e-5
1.379269828487933e-5
3.5795870864056796e-6
0.0
0.0
0.0
3.229851750856628e-8
6.854609203985971e-7
2.676279129474157e-6
-1.0000067866188163e-5
-2.6047201394110027e-5
2.4106300695757284e-5
7.548426987511139e-5
-1.4125683340329801e-5
-0.00012437258230357153
-3.6576986540375024e-5
0.00010122372300416671
3.996234395740245e-5
-9.035679058500122e-5
-4.035460960707028e-5
0.00017195222409577867
0.0003226916578168559
0.0002742746805975188
7.728957666661374e-5
-0.00012672249780717201
-0.00023287225596206918
-0.0002297934197801025
-8.692600082207349e-5
8.983506664789403e-5
0.00013156329070427615
0.0001764015230440489
0.00027867413704291534
0.00018734468675550578
4.051202482769748e-5
0.0
0.0
0.0
-2.683639109099497e-9
-1.100525125268276e-8
7.108484005940625e-8
1.641360434192668e-7
-3.8417354483368887e-7
-9.322422112593299e-7
6.39647780060413e-7
3.280133097681588e-6
1.6525263281436895e-6
-5.186046707769105e-6
-9.600746896384716e-6
-4.680949818758442e-6
7.178403504972968e-6
1.7389664448284397e-5
2.00901579201121e-5
1.4934426683371149e-5
4.8825243023746915e-6
-6.756542023192238e-6
-1.6394492922283634e-5
-2.0814100280541e-5
-1.9483785505777637e-5
-1.232345252295075e-5
-3.4108593048784303e-6
4.88321844586619e-7
-1.2406620096525763e-7
-3.0043913035246685e-7
0.0
0.0
0.0
1.9949275060708576e-7
1.0091865447072042e-6
3.4301688801980947e-6
-8.22594571153488e-7
-1.2815734373416002e-5
-1.1228990882801684e-6
2.696212950172603e-5
2.0812622268887463e-5
-3.796745486719788e-5
-6.687767696999759e-5
3.4189193083935744e-6
9.128856441471872e-5
8.623676804271292e-5
3.7367472000983857e-6
-6.856356219011953e-5
-8.997295428105383e-5
-7.036942858918181e-5
-4.484020580519535e-5
-6.49869400086784e-7
4.52788808145185e-5
9.536175017230268e-5
0.00018959137956339866
0.0003039535036518866
0.0005056901287790565
0.0008471369858184934
0.0010807302109724253
0.000826229258502784
0.0002517152656182268
0.0
0.0
0.0
-2.699456071242123e-9
-4.355519973725095e-9
6.11090611831642e-8
1.7560962322842438e-7
-1.0538303359975373e-7
-6.8210807558623e-7
-4.5121216574973326e-7
1.2889874361002104e-6
2.9749270552878985e-6
1.0050267673976073e-6
-5.084122955193933e-6
-9.202047458649203e-6
-5.431216733005131e-6
4.696064018063427e-6
1.452243038487622e-5
1.918958039603842e-5
1.7592204425571587e-5
1.064817503140118e-5
1.2338933459655854e-6
-8.581505073432594e-6
-1.6771231205916933e-5
-2.1349074440014454e-5
-2.2276044366458815e-5
-1.904961387860598e-5
-1.1706178142715766e-5
-3.7193274052824917e-6
0.0
0.0
0.0
2.45605234468469e-8
1.631377364164057e-7
2.3310704957172592e-7
-3.3935259422692193e-6
-4.609425886248146e-6
1.478546725221686e-5
1.4336512397506272e-5
-2.9297483831584464e-5
-2.9801517975985415e-5
2.4308927914758267e-5
2.5665778010856845e-5
-1.5647881076744825e-5
6.495282735868675e-6
8.479790271297908e-5
0.00010153944361152927
2.4834757804904016e-7
-0.0001673862687475042
-0.00028784919800264386
-0.0003031880396535897
-0.00023097530033897983
-9.764400652804353e-5
4.564725593823055e-5
0.00016432706136217362
0.0002648209103322902
0.000321436551635981
0.0003265000016503131
0.0002688903549139174
9.224307685706465e-5
0.0
