0.0
-0.014562227734276154
-0.0481004886736687
-0.07014459348575809
-0.07607822035757353
-0.07633900234260416
-0.07447281108387697
-0.072018218704787
-0.0680938673482967
-0.06239030420486931
-0.05493998651800199
-0.04441999780380436
-0.02934240512300964
-0.00999975085266408
0.01121058813408037
0.03062337173458354
0.04469018647996811
0.05097532490188729
0.04873981242707631
0.03994286648870042
0.02844689424144974
0.01640310547613216
0.004709674896656819
-0.001578290432313314
0.0007364324224868224
-0.002294807703511501
-0.04491007648569998
-0.31832686788192044
-0.7988565639205236
-1.0
0.0
0.0
-0.0002457349307318718
-0.0009272723483955095
-0.0018660161295996713
-0.002889383784818022
-0.003958624565224863
-0.005083587596375241
-0.0061990010875948584
-0.007209477328113278
-0.008004400507046153
-0.008442767223140465
-0.008405893670063886
-0.00785643097317836
-0.006874753325126302
-0.005675791347848302
-0.0045529069960812555
-0.003768966899312646
-0.003439114839520129
-0.0034166542827513704
-0.003315812559836876
-0.002820317117288464
-0.0020675276001163407
-0.0015526721212077107
-0.0014867235404683414
-0.0015726239041827263
-0.0016217494674975509
-0.0009166367663046928
0.0
0.0
0.0
-0.00945547263654877
-0.03279516019326896
-0.04988630852705787
-0.050212919372383445
-0.0411578556486678
-0.03219975771337823
-0.025405541089082048
-0.019080401287549866
-0.013660479406266116
-0.00970171207453278
-0.006215067651274326
-0.0026028850921503213
0.0009196911578952199
0.00396894018313141
0.005974143119830731
0.006659236538786899
0.006168341992956322
0.004446959813782948
0.0018106913999395076
-0.00059230413426484
-0.003034965550281465
-0.006725618927452838
-0.007457542073511751
-1.9295708511886632e-5
0.001627355257259217
-0.009110693769428836
0.007024197865032678
0.007794376278951991
0.0
0.0
0.0
0.00012012296788122455
0.0005701125561590663
0.001313241790604401
0.0020693521139726946
0.00257796858433851
0.002797377477493742
0.002793017874812017
0.0025845629370962802
0.002183422330027684
0.0016256100040500363
0.0009461915583843496
0.00020356007019592094
-0.000511456823450703
-0.0011070611157364917
-0.0014992281821124957
-0.0016412956973171897
-0.0015825266620536117
-0.0014676368400857256
-0.0014426491048791102
-0.001522704195554702
-0.0016158486094789146
-0.0017063555683920386
-0.0017664001974785279
-0.0014865368236096966
-0.0006805992839105957
-0.00010946069080969817
0.0
0.0
0.0
0.0035804023283754795
0.01209804218721433
0.017530051993083964
0.015673005469985388
0.007604094762089496
-0.0026663560099752805
-0.009618696474066185
-0.012492449811287653
-0.013402231493885822
-0.013086756874945928
-0.012155279252256476
-0.01154896818194952
-0.010766739897281911
-0.008633415844235272
-0.004719798215818902
0.0008990337900454656
0.007956256157666085
0.01550803330803208
0.021803858803395856
0.026036742072256053
0.028594009849216544
0.028286123263878832
0.024850792449301683
0.024193790866194238
0.0335237441638135
0.041323625126948996
0.02786022369498903
0.007817201467755433
0.0
0.0
0.0
-2.4140659486641518e-5
-8.724274266673951e-5
-0.0001632301396966688
-0.0002417530252651633
-0.0002528857868006751
-0.0001330738637128353
5.3320939987449576e-5
0.00021712274670290395
0.0003404659051189346
0.00041893852129520616
0.0004439769838370296
0.00043945779421670025
0.0004413616496071051
0.0004731502804419823
0.0005543336959058905
0.0006902511053399396
0.0008613070956171502
0.001008036223880476
0.0010143823713317493
0.0008511506870979331
0.0007123834444850388
0.0007411992345401397
0.0007616750089711303
0.0005541341194987118
0.00019363784846239
4.717615775663103e-6
0.0
0.0
0.0
0.00040696163937107286
0.0021910241730066465
0.004114014673471011
0.0008797330865316661
-0.004455064584319229
-0.005514447223908105
-0.003322345111840698
-0.0017024926821144035
-0.0008392490408689037
0.00014498424992472793
0.0006952072835117073
0.0007119939750019283
0.000517008751230638
-6.190035917825265e-5
-0.0010184675602466684
-0.002233299118391467
-0.0032861568325129272
-0.003353817717244975
-0.002599777590035069
-0.0010405878043283855
0.002357316179891804
0.005600115748692103
0.004971095964142806
0.0022437852480129833
-0.0003363532324358851
-0.0030979027160788564
-0.0020962165867128364
-0.0003960582229382269
0.0
0.0
0.0
-1.99034150693194e-5
-0.00010044523420173787
-0.00017796389346965121
-8.932717579265759e-5
0.00014703624380389934
0.0003313944113674252
0.0003560821277653433
0.00027513535407861975
0.00014890430353440014
-9.077302319903393e-6
-0.0001859892806176525
-0.00036973115728095615
-0.0005602730688377308
-0.0007492075217786053
-0.0009115625762287454
-0.001022603294392482
-0.001027316593065206
-0.0008442122002025348
-0.0005118187056863138
-0.00019706755043989155
2.783413045381804e-5
0.00019272609050249222
0.00024455968594198777
0.00015094584703123293
4.672787273466923e-5
7.60365591754421e-6
0.0
0.0
0.0
-0.0010507576433316373
-0.00358876077067574
-0.0033200050589816833
0.002886917840932494
0.008340074873246187
0.006585055156808876
-0.0005677284935097502
-0.006472592230495046
-0.00806782542252923
-0.006908420249372236
-0.004518012123511898
-0.0017523789901598675
0.00023328251496206368
0.00138228184287983
0.0024070544710196686
0.0031275230389623153
0.003558531605726135
0.004276177233254851
0.004778576018242935
0.004893269160804964
0.0058697807258879485
0.0072136943988635235
0.007121194143058307
0.007093668584161449
0.010456097857414318
0.014402249994528394
0.010984154563325625
0.003249539242953357
0.0
0.0
0.0
8.908091791408372e-6
3.234104833769718e-5
1.371842333145954e-5
-9.008154561507183e-5
-0.00020227917658424552
-0.0001860647184638608
-7.314323339304557e-6
0.00020883463134144963
0.00034152713415720347
0.0003743910440418017
0.00032968902161837547
0.0002263220164645818
8.475528826520198e-5
-6.887169736819415e-5
-0.00021666891065671287
-0.0003767136315262912
-0.0005549625780928849
-0.0006889961875462475
-0.0007375506731115934
-0.0007530365135720752
-0.0007799221363881449
-0.0007774980844697722
-0.0006765057329858058
-0.0004608082023029253
-0.00021647159049358188
-5.3727230415156216e-5
0.0
0.0
0.0
0.00012651343859967887
0.00019355707694428123
-0.0007243434229964194
-0.0014461279798205007
-0.001040180954608169
0.00040298279754724924
0.0026917179465173985
0.003420714481864184
0.0012700636196530432
-0.001557985981875105
-0.0030309144890808787
-0.003236974699220071
-0.0027375496560243322
-0.00180630194829935
-0.0009123982820021711
-0.00048147285330930704
-0.0002744501612089436
-6.168478584379269e-6
2.7457212182964712e-5
-5.687902221633008e-5
0.0006739134584985881
0.002576808744911268
0.004905922627463469
0.006551951386688824
0.0060025817005762636
0.0033471881692514363
0.0018516940552102215
0.0007218375289856962
0.0
0.0
0.0
2.4090498720664593e-6
1.060051406247967e-5
1.4185295685291322e-5
9.46250598924487e-8
1.0689058362562233e-7
1.043004948888824e-5
-1.4749629994885338e-5
-4.8573128389672236e-5
-3.358693022924735e-5
1.7281834454457307e-5
6.473936338876017e-5
9.432687238642725e-5
9.832215952289486e-5
7.947068216452725e-5
5.468687664561927e-5
1.9951688500282163e-5
-4.379160220621203e-5
-0.00011337570112991014
-0.00012906433705516595
-7.200364204210754e-5
8.90238125837415e-6
5.4624663534978004e-5
4.992853132154683e-5
2.1636596367860942e-5
2.8277199373607796e-6
-3.152864333850615e-6
0.0
0.0
0.0
0.00010518992408458344
0.00029046915712167685
-3.5237343216896474e-5
-0.000503972631467453
0.000801175677576385
0.0022261244345265457
0.0008440121941334718
-0.001688563117887295
-0.0021614013306522147
-0.00095672266204825
0.0002265467565312775
0.0010394543904871359
0.0013915265624278683
0.0012377697754386333
0.000988615252553556
0.0008268084273250233
0.0006219832536582875
0.00043530635548103653
0.00017913303777683523
-0.0005362309768422486
-0.0015019564876020519
-0.001899538032302299
-0.0016382382475442921
-0.0016299268159402154
-0.002464342628505911
-0.003459823537261909
-0.00265872797589213
-0.0007536786091029838
0.0
0.0
0.0
1.847842896319431e-6
9.621626900001176e-6
2.3314669680239235e-5
1.5205863276999511e-5
-3.0107363075898548e-5
-5.410332494773114e-5
1.6476567999761362e-6
8.717122812550896e-5
0.00011191516135842784
6.952011473651934e-5
8.690361692694126e-6
-4.38346948959771e-5
-8.789667133435482e-5
-0.00012027286092080932
-0.00012590214892947352
-0.00010839795693520978
-0.00010257123529881074
-0.00012645678058189263
-0.000152451739993101
-0.00014880095024132306
-0.00011448522250376656
-6.912055818150043e-5
-3.1813151023377196e-5
-7.131199516651136e-6
6.930638673460842e-6
5.52320398507669e-6
0.0
0.0
0.0
0.00010101407452419792
0.0003487949681576487
0.00035007875179799916
-0.0004250351611265924
-0.0009592025009027254
2.624716019797675e-5
0.0019036964353637714
0.002366053991745699
0.00022874508937257985
-0.002420847174828974
-0.003136895821000983
-0.0020172832162657865
-0.0003192479509122844
0.0012049478259302882
0.0021644283873335597
0.0023994099112802482
0.002233760542339557
0.002127090032477346
0.0019951880760935414
0.0014557805588084774
0.0006682390185447809
9.266759850855866e-5
2.5490306779336538e-5
0.0009012387178566553
0.0025380573187370518
0.0031993872881290546
0.0019678896649998525
0.000521786795711693
0.0
0.0
0.0
-9.173767051603903e-7
-2.5832992957682788e-6
2.0513576656660923e-6
1.140689532899479e-5
9.346890797934792e-6
-1.151375120247759e-5
-3.9643724121736754e-5
-3.706838489132975e-5
1.721445869362521e-5
8.025180226123471e-5
0.00010191715569719971
7.937143336970222e-5
2.9060431327428404e-5
-3.435808601631073e-5
-8.873716146757003e-5
-0.00011677225722574072
-0.0001276834123890083
-0.00014269237389427484
-0.0001670118114207515
-0.00018455547496935292
-0.0001710323369958794
-0.00012716615470729942
-8.245818151615407e-5
-5.068819367533784e-5
-2.5958089539266458e-5
-7.590507352725605e-6
0.0
0.0
0.0
-2.6677801782459788e-6
1.9736129882441593e-5
0.00012237348912910864
-1.5780902761905484e-5
-0.00025249968628276786
-0.00014374693597592262
-8.390518410233647e-5
-1.0920220983516015e-5
0.00048240176286118517
0.000626348572585297
-0.00014018305721691108
-0.0010008840357300934
-0.0012363135258926618
-0.0009406206959675361
-0.0003606292832001263
0.00027835084458795384
0.0007328301405512944
0.0010353261100886323
0.0012787494879876653
0.0013536905959752267
0.001100591766177316
0.00039384745695890454
-0.0003613069518325667
-0.0005082565409609412
-0.00028074105582003467
-7.904130801781091e-5
0.00014714938422440512
9.876701756381303e-5
0.0
0.0
0.0
-7.919040590026076e-8
-3.728123144893428e-7
1.5191600257143198e-6
4.332029967982056e-6
-2.550072453851087e-6
-1.1578287628423955e-5
-4.789462256924379e-6
4.376838230899279e-6
-4.762828455772209e-6
-1.6383386653870517e-5
-7.824488746654378e-6
1.3948657742812819e-5
2.7026717247871703e-5
2.0789775345545333e-5
6.01971551440591e-6
-1.4214246755512631e-6
-3.2399727356152553e-6
-1.0985584301752846e-5
-3.289426109342611e-5
-6.436772104949739e-5
-8.726082453801707e-5
-9.555382524059714e-5
-9.300312231918174e-5
-7.110462154083113e-5
-3.2429578623711984e-5
-6.298744459695344e-6
0.0
0.0
0.0
3.98394330898841e-6
2.2649400114371054e-5
9.178278827151727e-5
2.1015010805985726e-5
-0.00027351583153235534
-0.00011665339318432021
0.0005210413817704528
0.0004931351289788991
-0.0005454808305654114
-0.0012630308941107018
-0.0007881638704968966
0.00018566614282508208
0.0008023414062167927
0.0009064835283726765
0.0006503741790808801
0.00016001442649496732
-0.0002924840246184303
-0.0004310080406967011
-0.00036357576008116824
-0.00023417409181400046
-0.00021475306147101153
-0.0005251600475941775
-0.0008264720836372338
-0.000943643594815359
-0.0014846438358707367
-0.002281176695005222
-0.0018340391249838622
-0.0005328098793044812
0.0
0.0
0.0
-1.4993540716780701e-7
-6.718481904317433e-7
-9.612431574388829e-8
4.119832887529886e-6
5.1263592261295315e-6
-5.56930770212976e-6
-1.712495325278129e-5
-7.343238123221232e-6
1.8468076465131197e-5
2.666618732267453e-5
5.793635471776357e-6
-2.1364031906791107e-5
-3.72243242641124e-5
-4.419690819646269e-5
-4.3914184560388646e-5
-3.2533993393659895e-5
-8.740743817706185e-6
2.0088556664987128e-5
3.678518779930415e-5
3.5682408181712566e-5
2.6241059618832252e-5
1.7600803131629365e-5
1.7374576343704468e-5
2.1808370729976603e-5
1.794384700457671e-5
6.266376839553124e-6
0.0
0.0
0.0
-2.9058455710704643e-6
-5.31668470022091e-6
2.849938664882887e-5
4.90010134599338e-5
-9.779717877376608e-5
-0.00020654507979756134
9.024559078374284e-7
0.0004452744439181597
0.0005522157421421017
-0.0001642452025421113
-0.001098904013311945
-0.0012092262393162566
-0.00041978479690579936
0.0005825461385483555
0.0012466347502230407
0.0013696330685614997
0.0010640298855629025
0.0005349446245030847
6.536304330178884e-5
-9.986335051538773e-5
-0.00021710899996887025
-0.0005301214168307524
-0.0008628453177348513
-0.0011928382490993547
-0.0016447769448982067
-0.0020292959526018593
-0.0016548854739992865
-0.0005259032891063094
0.0
0.0
0.0
-3.871542593019163e-8
-2.8000565536601357e-7
-4.024074086670532e-7
9.277944289861514e-7
1.7935326199344244e-6
7.949786713076636e-8
-3.0022233347501688e-6
-6.370103843837752e-6
-4.208274912029389e-6
8.39960318882828e-6
2.172784204819195e-5
2.1638770993274092e-5
4.785602569439699e-6
-2.099454299568602e-5
-4.334881638196786e-5
-5.33670070043469e-5
-4.7508405796454775e-5
-3.093105048808165e-5
-1.2211039948752775e-5
2.8318528146847873e-6
8.429177672591532e-6
7.64576320242096e-6
1.0640208795043273e-5
1.6086542106762876e-5
1.411098464426192e-5
5.353032243267444e-6
0.0
0.0
0.0
-4.574124565904949e-7
-8.770671348445136e-8
1.7048617276309843e-5
3.134927265765752e-5
-4.798397401665063e-5
-7.346056829962174e-5
4.416330183944309e-5
5.518325097425506e-5
-2.0823319068107107e-5
5.72957892826831e-5
0.00012177458690355103
-5.2438361675448313e-5
-0.0002623989669969655
-0.0002238640263946901
-1.8350905004877034e-6
0.00022544419997581132
0.0004077662273174826
0.0004985070412979843
0.0005211018141982312
0.0004973343808651314
0.0004433299406256435
0.00036179877252300605
0.00012108876404717269
-0.00017077192062292995
-0.00011971315689753243
0.0001909995575012595
0.00017337797215842362
3.168939769578615e-5
0.0
0.0
0.0
-1.1658361938649568e-8
-1.0090858306324991e-7
-1.1025502405465487e-7
9.358074986928575e-7
1.343084044460209e-6
-1.7904074096308199e-6
-3.8413692436315695e-6
6.451204320672779e-7
4.824157722808184e-6
1.2325375248238027e-6
-2.6291421895474603e-6
2.5828971323108353e-6
1.122309067698765e-5
1.22636595728098e-5
3.5925621386592997e-6
-7.179953254048854e-6
-1.1713135766188147e-5
-8.823204988704767e-6
-2.986882842077995e-6
-7.954982684096704e-7
-4.145098216317106e-6
-1.054487725260821e-5
-1.715099862805478e-5
-1.7866446486563787e-5
-1.0574766169150578e-5
-2.596313989395603e-6
0.0
0.0
0.0
-6.280030575566821e-7
-1.6725005614550489e-6
5.134119246187656e-6
1.9425657280328388e-5
-2.5796065832896394e-5
-6.860706215265566e-5
5.0479619899765114e-5
0.00019482743704014117
2.1643415567943236e-5
-0.00035293628998356275
-0.0003762288611183588
7.73820214980235e-5
0.000561400588534487
0.0006997103869565603
0.0004670610736015772
6.564616130287323e-5
-0.0003134695482027386
-0.000550981546070965
-0.0005789531594108919
-0.0003889008408433117
-7.344070670878896e-5
0.00012076736032459367
0.00011958565814539818
4.765805174435003e-5
-0.00011130979271957454
-0.00021841573046580128
-0.0001141620342135918
-2.0389795472181033e-5
0.0
0.0
0.0
-1.7607956131968905e-8
-1.0291743335811483e-7
-2.203944305348127e-7
2.5552924574923873e-7
1.0277639416358343e-6
1.6160265432430722e-7
-2.3971729606621344e-6
-2.599297726135534e-6
2.3331365846075453e-6
6.5788698990345666e-6
3.4543277980228614e-6
-3.855010950485497e-6
-7.910830824256971e-6
-6.4021122668199596e-6
-2.0386939135469727e-6
3.2423903972204304e-6
9.47264232829987e-6
1.698534719759362e-5
2.4681208997413227e-5
3.098736756411576e-5
3.335996268189672e-5
2.6758363332145485e-5
1.357935530418034e-5
3.7679887464170026e-6
5.478005966296062e-7
8.239961015188725e-8
0.0
0.0
0.0
-3.4256399118168734e-7
-8.092772134040463e-7
3.0398489692315472e-6
1.134119256865337e-5
-1.2795509237734973e-5
-4.451147822055903e-5
-7.351817088278308e-6
8.832654371235045e-5
0.0001354869143699926
-1.462450623886194e-5
-0.00029957286772932943
-0.0003751256108842016
-4.226559328441672e-5
0.0004447721050798609
0.0006999508590258412
0.0006112461428069074
0.00029193153119924355
-0.00010430612298562193
-0.00045929221458579475
-0.0006628542364127346
-0.000690670245576256
-0.0005754828851184196
-0.0003440316380116532
-0.00027333295846319747
-0.0005798742293815535
-0.0009127041113190654
-0.0007398285170219599
-0.00022733169314167163
0.0
0.0
0.0
3.386922357733987e-9
-7.754816104395141e-9
-4.4845646511806744e-8
1.5047455066632237e-7
2.5884282383156806e-7
-3.863637353378073e-7
-6.729350033499839e-7
2.3757386869508182e-8
3.74423877698668e-7
7.149571953548282e-7
2.435907396024013e-6
3.3914109329165965e-6
6.708348350410615e-8
-7.052828100173276e-6
-1.321269405058467e-5
-1.3734922846898779e-5
-7.674657983257536e-6
2.652418584273647e-6
1.3261212687982527e-5
2.2284563027898818e-5
2.840809738627965e-5
3.0987347823234976e-5
3.1316556853472536e-5
2.6712523177995177e-5
1.5412686006409926e-5
4.30825075481496e-6
0.0
0.0
0.0
-7.042529067681059e-8
-2.7277129136221183e-7
1.118365652382933e-6
6.706434743527344e-6
-3.319118890320215e-6
-1.676776411645261e-5
7.318655670435701e-6
2.3330755212957436e-5
-8.290734704987577e-6
-1.666664518490728e-5
1.3172205985340947e-5
7.040401950282639e-6
-2.8164337873685956e-5
-3.299121152883841e-5
2.096767728339125e-6
3.820286950312113e-5
5.6633787507498914e-5
4.817261555720169e-5
1.71539773473349e-5
-3.074761212374103e-6
-3.828558848989323e-5
-6.26266705182785e-5
-7.826968599652442e-5
-0.0001414067597438719
-0.00014281557211527968
-2.3262469549465968e-5
-2.922520525405273e-6
-1.6934214756658746e-5
0.0
0.0
0.0
-5.891581017449189e-9
-2.9656976428662762e-8
-6.043823041260452e-8
1.1576790160868425e-7
3.6738837287306966e-7
-1.9546113501273212e-7
-1.042947507754841e-6
-1.0065928901498448e-7
1.5228910519806082e-6
7.420497148022036e-7
-9.445300090663384e-7
-4.5232567133312236e-8
2.2904918047597524e-6
1.8186432920962182e-6
-2.6438500864767917e-6
-8.21911966695351e-6
-1.0710424543430163e-5
-9.04892589452445e-6
-4.386587954571409e-6
1.6331303222217242e-6
6.489130023645081e-6
9.239320815090247e-6
9.384537466491338e-6
6.088415262678104e-6
1.7224560638985467e-6
1.8985203583394956e-7
0.0
0.0
0.0
-1.0296868819253404e-7
-1.8431622887753363e-7
8.601509381654633e-7
2.3493907279472266e-6
-7.63426759675619e-6
-1.3514383241366903e-5
1.89792116309923e-5
5.036018275666303e-5
-4.591545758725262e-6
-0.0001180420453688469
-0.00011892103703127388
7.366184203152888e-5
0.00028180365299747777
0.0002749114620456243
3.866556485223e-5
-0.0002521093085248845
-0.0004408806193183355
-0.0004850143857614155
-0.0003927543743318728
-0.0002220117084123889
-2.19622899881297e-5
0.00018172343002073162
0.0003481188612552539
0.0004730027436406345
0.0005828432288812445
0.0006263297666985677
0.0004152005074143021
0.00011269264776800692
0.0
