1.2103565670001267e-5
1.2850327275487933e-6
6.091443189461439e-7
3.915611359621992e-7
2.7776315710745395e-7
2.0954004266731776e-7
1.650992794982668e-7
1.3436298396008783e-7
1.1210795889693677e-7
9.540256618677283e-8
8.249583589640848e-8
7.228684889660322e-8
6.40528977348213e-8
5.7302050083571634e-8
5.1689085901552313e-8
4.696538872039899e-8
4.294788670065419e-8
3.9499139156516094e-8
3.651419181472483e-8
3.391167871041369e-8
3.1627664396856213e-8
2.961129818191611e-8
2.7821692511386355e-8
2.6225644388636377e-8
2.479594750739018e-8
2.3510124956801856e-8
2.2349465812598884e-8
2.1298284341022196e-8
2.034334438734909e-8
1.9473407819452945e-8
1.867887719336524e-8
1.7951510739305226e-8
1.7284193403261652e-8
1.667075172907538e-8
1.610580332057162e-8
1.5584633759129296e-8
1.5103095491536015e-8
1.4657524379773497e-8
1.4244670527126103e-8
1.3861640692160528e-8
1.3505850143490763e-8
1.317498223185506e-8
1.286695429057295e-8
1.2579888741715026e-8
1.2312088498536681e-8
1.2062015926203954e-8
1.182827476109084e-8
1.1609594500495068e-8
1.1404816864611711e-8
1.121288400508299e-8
1.103282819268388e-8
1.086376276338033e-8
1.0704874139329101e-8
1.055541477123476e-8
1.0414696872418268e-8
1.0282086834322722e-8
1.0157000229108747e-8
1.00388973183902e-8
9.927278998736414e-9
9.821683124827198e-9
9.721681160420634e-9
9.62687511596439e-9
9.536894738157402e-9
9.451394926962007e-9
9.370053357426803e-9
9.29256829249341e-9
9.218656576199528e-9
9.148051800507381e-9
9.080502643273796e-9
9.01577137377672e-9
8.953632527645477e-9
8.893871750312988e-9
8.836284808771748e-9
8.78067676983628e-9
8.726861341029472e-9
8.67466036763941e-9
8.623903476716514e-9
8.57442785614389e-9
8.526078154275601e-9
8.478706484363163e-9
8.432172515815777e-9
8.386343633805801e-9
8.341095147806628e-9
8.29631052920624e-9
8.25188165800014e-9
8.207709058884574e-9
8.16370210796112e-9
8.119779192658509e-9
8.075867810204699e-9
8.031904590874088e-9
7.987835237227398e-9
7.943614372077054e-9
7.899205291092144e-9
7.85457962048212e-9
7.80971688135162e-9
7.764603966910176e-9
7.719234541080555e-9
7.67360836995553e-9
7.627730600116837e-9
7.581611000068682e-9
7.535263182836658e-9
7.488703829005272e-9
7.44195192997778e-9
7.395028070918846e-9
7.347953771601759e-9
7.300750901199431e-9
7.253441179981836e-9
7.20604577703615e-9
7.158585008708457e-9
7.111078137741067e-9
7.063543268353077e-9
7.015997328102364e-9
6.968456123583293e-9
6.920934454122946e-9
6.873446265835172e-9
6.826004827787396e-9
6.778622912644004e-9
6.73131296591624e-9
6.684087250493391e-9
6.636957956958757e-9
6.589937273499324e-9
6.543037413627968e-9
6.49627060355272e-9
6.449649034400025e-9
6.403184787165602e-9
6.356889740111292e-9
6.310775469282957e-9
6.264853152902735e-9
6.219133489726331e-9
6.173626639699469e-9
6.12834219425917e-9
6.083289180135128e-9
6.0384760990061495e-9
5.993911002860547e-9
5.9496016019181755e-9
5.905555400920898e-9
5.861779857079289e-9
5.818282551885601e-9
5.7750713679820736e-9
5.732154661747277e-9
5.689541422193424e-9
5.647241407156318e-9
5.605265248593143e-9
5.563624520051761e-9
5.52233176099019e-9
5.4814004545549146e-9
5.440844957428751e-9
5.400680382869867e-9
5.360922439875404e-9
5.321587233763738e-9
5.282691035173055e-9
5.244250025961365e-9
5.20628003152507e-9
5.168796249588912e-9
5.1318129855316995e-9
5.0953434038114015e-9
5.059399304087305e-9
5.023990929289381e-9
4.98912681126296e-9
4.954813657840187e-9
4.921056283377282e-9
4.887857583053355e-9
4.855218549670126e-9
4.823138330044675e-9
4.791614317538808e-9
4.760642275582437e-9
4.730216486952429e-9
4.700329922916146e-9
4.670974426155173e-9
4.6421409013255864e-9
4.613819507197143e-9
4.58599984450767e-9
4.5586711339496205e-9
4.531822379074553e-9
4.50544250933528e-9
4.4795204990048575e-9
4.454045458334728e-9
4.429006694011185e-9
4.404393736922007e-9
4.3801963361481574e-9
4.35640441933719e-9
4.333008020864912e-9
4.309997180554364e-9
4.2873618170837746e-9
4.2650915814968e-9
4.243175697337505e-9
4.221602794784931e-9
4.200360746690078e-9
4.179436514578668e-9
4.158816012460723e-9
4.138483995674325e-9
4.118423981157593e-9
4.098618204037699e-9
4.079047614312709e-9
4.059691915475111e-9
4.040529645277291e-9
4.0215382970244994e-9
4.002694478025735e-9
3.983974100203568e-9
3.9653525964402805e-9
