5.1362001706169294e-8
5.697433334418742e-9
2.2240427496544058e-9
1.4354041876468615e-9
1.018298529672579e-9
7.685563321461412e-10
6.060151191045767e-10
4.935804611940627e-10
4.121350323535664e-10
3.5097733933414453e-10
3.037141588798443e-10
2.6632109461855857e-10
2.3615407628851895e-10
2.1141288861034867e-10
1.9083438973244315e-10
1.7350915886948128e-10
1.587676995707508e-10
1.461074719971729e-10
1.3514475518021207e-10
1.2558208453417228e-10
1.1718573008679256e-10
1.0976980644518888e-10
1.0318485933443328e-10
9.730953350358706e-11
9.204439963670808e-11
8.730731872420859e-11
8.30299176093234e-11
7.915487883503622e-11
7.563383484642064e-11
7.24257161389963e-11
6.949544419853551e-11
6.681288906785175e-11
6.435203199266949e-11
6.209028842800105e-11
6.000795746954296e-11
5.808777169918514e-11
5.63145273130014e-11
5.467477884269212e-11
5.315658607420009e-11
5.174930340190647e-11
5.044340378921144e-11
4.923033109799925e-11
4.810237570545743e-11
4.705256937039069e-11
4.6074596017983197e-11
4.516271575093781e-11
4.4311699878881946e-11
4.3516775154556146e-11
4.277357572150286e-11
4.207810153550332e-11
4.1426682228954336e-11
4.0815945557435586e-11
4.0242789705565755e-11
3.970435884438224e-11
3.919802142832898e-11
3.872135079850938e-11
3.827210773391585e-11
3.7848224644458644e-11
3.744779115733946e-11
3.7069040892397945e-11
3.6710339262690374e-11
3.6370172170884944e-11
3.604713550427073e-11
3.5739925355663565e-11
3.54473289201963e-11
3.5168216035876514e-11
3.4901531350400094e-11
3.464628710804031e-11
3.4401556558662824e-11
3.416646799602828e-11
3.394019943436833e-11
3.372197393053406e-11
3.3511055554217095e-11
3.330674600000974e-11
3.3108381824973855e-11
3.291533228487181e-11
3.272699772883787e-11
3.2542808506133706e-11
3.2362224328305985e-11
3.2184734026098464e-11
3.200985563559259e-11
3.183713674488884e-11
3.166615502990018e-11
3.1496518908130815e-11
3.132786823434396e-11
3.1159874968833125e-11
3.09922437472664e-11
3.0824712287080705e-11
3.065705157134337e-11
3.048906575902476e-11
3.0320591780064525e-11
3.015149858448124e-11
2.998168602655889e-11
2.9811083377462964e-11
2.963964747245575e-11
2.9467360511959217e-11
2.9294227548857265e-11
2.9120273707313994e-11
2.894554119060252e-11
2.877008614630792e-11
2.8593975466417074e-11
2.8417283606183168e-11
2.8240089508375893e-11
2.8062473718935073e-11
2.7884515774654893e-11
2.7706291934016784e-11
2.752787330862158e-11
2.7349324435550693e-11
2.7170702311328358e-11
2.699205588714497e-11
2.681342600409604e-11
2.6634845727666776e-11
2.645634102411528e-11
2.6277931708551374e-11
2.60996325865882e-11
2.5921454708789762e-11
2.574340665881182e-11
2.556549580384868e-11
2.5387729446805902e-11
2.5210115833786e-11
2.5032664985936573e-11
2.4855389341632678e-11
2.467830421014484e-11
2.4501428050490723e-11
2.4324782601298222e-11
2.4148392894322424e-11
2.3972287187245338e-11
2.3796496852751403e-11
2.3621056257854738e-11
2.3446002662471953e-11
2.3271376158790738e-11
2.309721966706605e-11
2.2923578991562452e-11
2.2750502936344628e-11
2.2578043470165705e-11
2.2406255924375898e-11
2.2235199202548618e-11
2.2064935976695655e-11
2.189553284288826e-11
2.1727060408675013e-11
2.1559593285974082e-11
2.139320996600219e-11
2.1227992557223765e-11
2.1064026373080438e-11
2.0901399363127565e-11
2.074020138883127e-11
2.0580523353270128e-11
2.0422456201899477e-11
2.026608981893391e-11
2.011151185019888e-11
1.9958806488712847e-11
1.9808053262109814e-11
1.9659325862797576e-11
1.9512691060884042e-11
1.9368207737169215e-11
1.9225926068873518e-11
1.9085886894601822e-11
1.894812127774544e-11
1.8812650279612863e-11
1.8679484945650615e-11
1.8548626499736548e-11
1.8420066735986143e-11
1.8293788589355758e-11
1.8169766862877506e-11
1.8047969085896582e-11
1.7928356472569286e-11
1.7810884953353144e-11
1.7695506246157e-11
1.7582168938725033e-11
1.7470819552451384e-11
1.7361403560067166e-11
1.7253866331523822e-11
1.714815398444732e-11
1.70442141182505e-11
1.6941996413499045e-11
1.6841453081516267e-11
1.6742539152444247e-11
1.6645212594215886e-11
1.6549434259268027e-11
1.6455167661056582e-11
1.6362378588003715e-11
1.627103456847662e-11
1.6181104206363517e-11
1.6092556412468735e-11
1.600535956156239e-11
1.59194806098572e-11
1.5834884208081972e-11
1.5751531848803352e-11
1.5669381083925413e-11
1.5588384846971266e-11
1.5508490910628548e-11
1.5429641504828585e-11
1.5351773114668248e-11
1.5274816469448848e-11
1.5198696727413108e-11
1.5123333851891916e-11
1.504864316688256e-11
1.4974536072479325e-11
1.4900920893865167e-11
1.4827703831384484e-11
